"Sens Factor =-1.849dB, SERNO: 7164434"
10.054	-5.0841
10.179	-4.9216
10.306	-4.7623
10.434	-4.6062
10.564	-4.4533
10.696	-4.3035
10.829	-4.1568
10.964	-4.0132
11.1	-3.8726
11.238	-3.7350
11.378	-3.6004
11.52	-3.4687
11.663	-3.3399
11.809	-3.2139
11.956	-3.0909
12.104	-2.9706
12.255	-2.8531
12.408	-2.7383
12.562	-2.6262
12.718	-2.5168
12.877	-2.4101
13.037	-2.3059
13.199	-2.2044
13.364	-2.1054
13.53	-2.0089
13.698	-1.9148
13.869	-1.8233
14.042	-1.7341
14.216	-1.6474
14.393	-1.5630
14.573	-1.4809
14.754	-1.4011
14.938	-1.3235
15.124	-1.2482
15.312	-1.1751
15.503	-1.1041
15.696	-1.0353
15.891	-0.9686
16.089	-0.9039
16.289	-0.8412
16.492	-0.7806
16.697	-0.7219
16.905	-0.6652
17.115	-0.6103
17.328	-0.5573
17.544	-0.5062
17.763	-0.4569
17.984	-0.4093
18.208	-0.3635
18.434	-0.3194
18.664	-0.2769
18.896	-0.2362
19.131	-0.1970
19.369	-0.1594
19.611	-0.1233
19.855	-0.0888
20.102	-0.0557
20.352	-0.0241
20.605	0.0060
20.862	0.0348
21.122	0.0623
21.385	0.0884
21.651	0.1132
21.92	0.1368
22.193	0.1592
22.47	0.1803
22.749	0.2003
23.032	0.2192
23.319	0.2369
23.609	0.2537
23.903	0.2693
24.201	0.2840
24.502	0.2977
24.807	0.3105
25.116	0.3224
25.429	0.3334
25.745	0.3435
26.066	0.3529
26.39	0.3615
26.719	0.3693
27.051	0.3764
27.388	0.3829
27.729	0.3887
28.074	0.3939
28.424	0.3985
28.778	0.4026
29.136	0.4062
29.499	0.4092
29.866	0.4118
30.238	0.4140
30.614	0.4159
30.995	0.4173
31.381	0.4185
31.772	0.4193
32.167	0.4199
32.568	0.4203
32.973	0.4204
33.383	0.4204
33.799	0.4203
34.22	0.4201
34.646	0.4198
35.077	0.4195
35.514	0.4200
35.956	0.4200
36.403	0.4196
36.857	0.4189
37.315	0.4179
37.78	0.4169
38.25	0.4159
38.726	0.4150
39.209	0.4142
39.697	0.4133
40.191	0.4122
40.691	0.4108
41.198	0.4090
41.711	0.4068
42.23	0.4044
42.756	0.4018
43.288	0.3992
43.827	0.3965
44.372	0.3937
44.925	0.3909
45.484	0.3879
46.05	0.3846
46.623	0.3811
47.204	0.3771
47.791	0.3727
48.386	0.3677
48.989	0.3623
49.599	0.3564
50.216	0.3502
50.841	0.3437
51.474	0.3369
52.115	0.3298
52.764	0.3224
53.42	0.3147
54.085	0.3068
54.759	0.2987
55.44	0.2908
56.131	0.2831
56.829	0.2757
57.537	0.2689
58.253	0.2625
58.978	0.2566
59.712	0.2512
60.456	0.2462
61.208	0.2414
61.97	0.2368
62.742	0.2321
63.523	0.2274
64.314	0.2225
65.114	0.2174
65.925	0.2123
66.745	0.2075
67.576	0.2029
68.418	0.1987
69.269	0.1948
70.132	0.1911
71.005	0.1875
71.889	0.1839
72.784	0.1802
73.69	0.1765
74.607	0.1729
75.536	0.1693
76.476	0.1657
77.428	0.1623
78.392	0.1592
79.368	0.1563
80.356	0.1537
81.356	0.1514
82.369	0.1495
83.394	0.1479
84.433	0.1465
85.484	0.1454
86.548	0.1446
87.625	0.1440
88.716	0.1437
89.82	0.1435
90.939	0.1434
92.071	0.1430
93.217	0.1423
94.377	0.1413
95.552	0.1397
96.742	0.1376
97.946	0.1351
99.165	0.1322
100.4	0.1289
101.65	0.1254
102.915	0.1217
104.196	0.1181
105.493	0.1145
106.806	0.1111
108.136	0.1080
109.482	0.1050
110.845	0.1023
112.225	0.0999
113.622	0.0978
115.037	0.0961
116.469	0.0947
117.919	0.0936
119.386	0.0928
120.873	0.0923
122.377	0.0921
123.901	0.0923
125.443	0.0928
127.005	0.0937
128.586	0.0949
130.187	0.0964
131.807	0.0981
133.448	0.1000
135.109	0.1021
136.791	0.1043
138.494	0.1066
140.218	0.1091
141.964	0.1117
143.731	0.1143
145.52	0.1169
147.332	0.1195
149.166	0.1221
151.023	0.1246
152.903	0.1271
154.806	0.1294
156.734	0.1315
158.685	0.1334
160.66	0.1351
162.66	0.1366
164.685	0.1379
166.735	0.1392
168.811	0.1404
170.912	0.1415
173.04	0.1424
175.194	0.1432
177.375	0.1440
179.583	0.1448
181.819	0.1457
184.082	0.1467
186.374	0.1479
188.694	0.1491
191.043	0.1504
193.421	0.1516
195.829	0.1528
198.267	0.1539
200.735	0.1549
203.234	0.1558
205.764	0.1567
208.325	0.1573
210.919	0.1577
213.544	0.1579
216.203	0.1580
218.894	0.1581
221.619	0.1580
224.378	0.1578
227.171	0.1576
229.999	0.1572
232.862	0.1568
235.761	0.1563
238.696	0.1558
241.668	0.1554
244.676	0.1552
247.722	0.1550
250.806	0.1549
253.928	0.1548
257.089	0.1549
260.29	0.1550
263.53	0.1552
266.81	0.1553
270.132	0.1554
273.495	0.1553
276.899	0.1550
280.346	0.1546
283.836	0.1541
287.37	0.1535
290.947	0.1528
294.569	0.1519
298.236	0.1509
301.949	0.1496
305.708	0.1482
309.513	0.1466
313.366	0.1450
317.267	0.1432
321.217	0.1417
325.216	0.1404
329.264	0.1393
333.363	0.1384
337.513	0.1377
341.715	0.1371
345.969	0.1366
350.276	0.1362
354.636	0.1358
359.051	0.1352
363.521	0.1343
368.046	0.1330
372.628	0.1312
377.266	0.1287
381.963	0.1256
386.718	0.1216
391.532	0.1170
396.406	0.1116
401.341	0.1055
406.337	0.0991
411.395	0.0927
416.517	0.0865
421.702	0.0804
426.951	0.0745
432.266	0.0688
437.648	0.0634
443.096	0.0581
448.612	0.0531
454.196	0.0481
459.851	0.0432
465.575	0.0384
471.371	0.0335
477.239	0.0285
483.18	0.0235
489.195	0.0186
495.285	0.0136
501.45	0.0087
507.693	0.0039
514.013	-0.0008
520.412	-0.0053
526.89	-0.0097
533.449	-0.0141
540.09	-0.0184
546.814	-0.0225
553.621	-0.0264
560.513	-0.0300
567.49	-0.0332
574.555	-0.0358
581.707	-0.0379
588.949	-0.0392
596.281	-0.0399
603.703	-0.0397
611.219	-0.0387
618.828	-0.0368
626.531	-0.0342
634.331	-0.0310
642.228	-0.0271
650.222	-0.0227
658.317	-0.0179
666.512	-0.0129
674.809	-0.0082
683.21	-0.0041
691.715	-0.0008
700.326	0.0017
709.044	0.0034
717.871	0.0046
726.807	0.0055
735.855	0.0063
745.016	0.0072
754.29	0.0082
763.68	0.0094
773.187	0.0109
782.812	0.0127
792.557	0.0148
802.424	0.0171
812.413	0.0196
822.526	0.0222
832.766	0.0248
843.133	0.0273
853.629	0.0295
864.255	0.0311
875.014	0.0319
885.907	0.0319
896.935	0.0308
908.101	0.0287
919.406	0.0257
930.851	0.0216
942.439	0.0165
954.171	0.0102
966.049	0.0026
978.076	-0.0064
990.251	-0.0165
1002.579	-0.0276
1015.06	-0.0393
1027.696	-0.0513
1040.489	-0.0632
1053.442	-0.0750
1066.556	-0.0864
1079.833	-0.0973
1093.276	-0.1077
1106.886	-0.1176
1120.665	-0.1268
1134.616	-0.1355
1148.741	-0.1436
1163.041	-0.1509
1177.519	-0.1578
1192.178	-0.1643
1207.019	-0.1706
1222.045	-0.1766
1237.258	-0.1826
1252.66	-0.1885
1268.254	-0.1943
1284.042	-0.2000
1300.027	-0.2056
1316.211	-0.2111
1332.596	-0.2166
1349.185	-0.2221
1365.981	-0.2274
1382.985	-0.2327
1400.202	-0.2377
1417.633	-0.2423
1435.28	-0.2463
1453.148	-0.2496
1471.238	-0.2519
1489.553	-0.2533
1508.096	-0.2537
1526.87	-0.2533
1545.877	-0.2522
1565.121	-0.2503
1584.605	-0.2478
1604.332	-0.2445
1624.303	-0.2405
1644.524	-0.2358
1664.996	-0.2306
1685.723	-0.2251
1706.708	-0.2195
1727.955	-0.2138
1749.466	-0.2082
1771.244	-0.2024
1793.294	-0.1964
1815.618	-0.1900
1838.221	-0.1832
1861.104	-0.1758
1884.272	-0.1678
1907.729	-0.1589
1931.478	-0.1492
1955.523	-0.1384
1979.866	-0.1265
2004.513	-0.1135
2029.467	-0.0997
2054.731	-0.0856
2080.31	-0.0719
2106.207	-0.0588
2132.427	-0.0464
2158.973	-0.0343
2185.849	-0.0225
2213.06	-0.0113
2240.61	-0.0010
2268.503	0.0080
2296.743	0.0155
2325.334	0.0215
2354.282	0.0270
2383.59	0.0330
2413.262	0.0396
2443.305	0.0468
2473.721	0.0546
2504.515	0.0631
2535.693	0.0723
2567.26	0.0819
2599.219	0.0920
2631.576	0.1027
2664.335	0.1138
2697.503	0.1254
2731.084	0.1379
2765.082	0.1511
2799.504	0.1652
2834.354	0.1803
2869.638	0.1964
2905.362	0.2134
2941.53	0.2312
2978.148	0.2496
3015.222	0.2685
3052.758	0.2879
3090.761	0.3076
3129.237	0.3277
3168.192	0.3479
3207.632	0.3682
3247.563	0.3884
3287.991	0.4087
3328.923	0.4292
3370.364	0.4503
3412.32	0.4727
3454.799	0.4972
3497.807	0.5240
3541.351	0.5528
3585.436	0.5832
3630.07	0.6146
3675.26	0.6470
3721.012	0.6806
3767.334	0.7155
3814.233	0.7518
3861.715	0.7895
3909.789	0.8282
3958.46	0.8673
4007.738	0.9070
4057.63	0.9474
4108.142	0.9886
4159.283	1.0305
4211.061	1.0733
4263.483	1.1168
4316.559	1.1611
4370.294	1.2064
4424.699	1.2526
4479.781	1.2997
4535.548	1.3475
4592.01	1.3958
4649.175	1.4444
4707.051	1.4931
4765.648	1.5418
4824.975	1.5906
4885.039	1.6396
4945.852	1.6890
5007.421	1.7391
5069.757	1.7891
5132.87	1.8388
5196.768	1.8883
5261.46	1.9374
5326.959	1.9858
5393.273	2.0335
5460.413	2.0803
5528.388	2.1261
5597.209	2.1711
5666.887	2.2149
5737.433	2.2577
5808.857	2.2997
5881.169	2.3412
5954.383	2.3826
6028.507	2.4241
6103.555	2.4663
6179.536	2.5093
6256.464	2.5535
6334.349	2.5994
6413.204	2.6470
6493.04	2.6959
6573.87	2.7457
6655.706	2.7956
6738.562	2.8443
6822.448	2.8904
6907.379	2.9324
6993.367	2.9692
7080.426	2.9999
7168.568	3.0242
7257.808	3.0438
7348.158	3.0608
7439.633	3.0762
7532.248	3.0903
7626.015	3.1038
7720.949	3.1165
7817.065	3.1276
7914.377	3.1369
8012.901	3.1437
8112.652	3.1472
8213.645	3.1457
8315.894	3.1387
8419.416	3.1279
8524.228	3.1143
8630.343	3.0985
8737.78	3.0814
8846.555	3.0641
8956.683	3.0466
9068.182	3.0285
9181.069	3.0096
9295.362	2.9896
9411.078	2.9678
9528.233	2.9437
9646.849	2.9170
9766.939	2.8876
9888.525	2.8556
10011.625	2.8214
10136.257	2.7850
10262.44	2.7465
10390.195	2.7060
10519.54	2.6633
10650.495	2.6180
10783.08	2.5701
10917.316	2.5192
11053.223	2.4661
11190.821	2.4117
11330.133	2.3574
11471.179	2.3046
11613.98	2.2547
11758.561	2.2092
11904.939	2.1680
12053.141	2.1289
12203.188	2.0901
12355.102	2.0506
12508.907	2.0099
12664.627	1.9678
12822.286	1.9249
12981.907	1.8817
13143.516	1.8388
13307.136	1.7969
13472.793	1.7566
13640.512	1.7189
13810.319	1.6841
13982.24	1.6508
14156.302	1.6185
14332.529	1.5864
14510.951	1.5541
14691.595	1.5211
14874.486	1.4878
15059.655	1.4546
15247.129	1.4222
15436.937	1.3905
15629.106	1.3601
15823.669	1.3314
16020.654	1.3043
16220.091	1.2794
16422.01	1.2563
16626.443	1.2353
16833.422	1.2185
17042.977	1.2037
17255.141	1.1931
17469.945	1.1835
17687.424	1.1753
17907.609	1.1631
18130.537	1.1513
18356.24	1.1400
18584.752	1.1290
18816.107	1.1183
19050.346	1.1082
19287.498	1.0984
19527.604	1.0883
19770.697	1.0783
20016.816	1.0689

